NS = 3.0
NKY = 9.0
ALPHA_ZF = -1.0
KYGRID_MODEL = 4.0
SAT_RULE = 3.0
NBASIS_MAX = 6.0
RMIN_LOC = 0.29751319749551997
RMAJ_LOC = 2.01550203180936
DRMAJDX_LOC = 0.38035536983930784
ZMAJ_LOC = 0.9814512591569797
DZMAJDX_LOC = 0.8273090542386573
Q_LOC = 1.6431966041555448
Q_PRIME_LOC = 15.621876193923779
KAPPA_LOC = 1.398339907048899
S_KAPPA_LOC = 0.7010563275033921
DELTA_LOC = 1.5567731947189714
S_DELTA_LOC = -0.8017905130747538
ZETA_LOC = -0.5386322795300744
S_ZETA_LOC = 1.0994436937823222
SHAPE_SIN3 = -0.14636071961433084
SHAPE_S_SIN3 = 0.7933656939599578
SHAPE_SIN4 = 0.5143948038052393
SHAPE_S_SIN4 = 0.01447904264861144
SHAPE_SIN5 = 0.44356348386454436
SHAPE_S_SIN5 = -0.29879586601282626
SHAPE_SIN6 = 0.45217761798556233
SHAPE_S_SIN6 = -0.4211391730040652
SHAPE_COS0 = 0.7126706418681488
SHAPE_S_COS0 = -0.8729349821202039
SHAPE_COS1 = 0.37811954093316213
SHAPE_S_COS1 = 0.19900486063231493
SHAPE_COS2 = 0.49176286453812756
SHAPE_S_COS2 = 0.2307658380743105
SHAPE_COS3 = 0.992568575535449
SHAPE_S_COS3 = 0.24606835553429596
SHAPE_COS4 = -0.16864467171948228
SHAPE_S_COS4 = 0.3152155718368388
SHAPE_COS5 = -0.35096535733571677
SHAPE_S_COS5 = 0.41453947236350563
SHAPE_COS6 = -0.015424187246885657
SHAPE_S_COS6 = 0.008221421367993864
SIGN_BT = -1.0
SIGN_IT = 1.0
ZEFF = 2.8042524668188875
XNUE = 0.611049691085255
DEBYE = 1.49519054500134
BETAE = 0.7525367242468846
P_PRIME_LOC = 0.7056659847173741
VEXB_SHEAR = 0.30184692894542453
ZS_2 = 1.0
MASS_2 = 1.0
AS_2 = 0.5738674002188848
TAUS_2 = 0.9010484168700226
RLNS_2 = 1.4090003206831212
RLTS_2 = 1.1569177984316303
VPAR_SHEAR_2 = 0.743474266437838
VPAR_2 = 0.35668471114752
ZS_3 = 6.0
MASS_3 = 6.0
AS_3 = 0.43248687658566665
TAUS_3 = 1.585089318275933
RLNS_3 = 0.8988145671808221
RLTS_3 = 0.9894631198339352
VPAR_SHEAR_3 = 0.294174080583137
VPAR_3 = 0.5473010495825498
ZS_1 = -1.0
MASS_1 = 0.000272444
AS_1 = 0.9214674695801406
TAUS_1 = 0.46619176109992644
RLNS_1 = 0.508552352531676
RLTS_1 = 1.1402208702817251
VPAR_SHEAR_1 = 0.04077315393855263
VPAR_1 = 0.4868113259800364
